2018-09-27
1 0 0
2018-09-28
30 1 0
2018-09-29
130 7 0
2018-09-30
1 0 0
2018-10-01
0 6 0
2018-10-02
0 0 0
2018-10-03
5 0 0
2018-10-04
0 0 0
2018-10-05
1 0 0
2018-10-06
21 0 0
2018-10-07
0 0 1
2018-10-08
0 31 22
2018-10-09
0 42 9
2018-10-10
2 43 16
2018-10-11
0 3 3
2018-10-12
0 2 2
2018-10-13
49 17 11
2018-10-15
0 21 9
2018-10-16
0 16 8
2018-10-17
0 4 2
2018-10-19
1 1 0
2018-10-20
0 0 0
2018-10-23
0 4 1
2018-10-25
0 6 2
2018-10-30
0 7 4
2018-10-31
0 14 7
2018-11-02
40 1 1
2018-11-08
0 2 1
2018-11-11
0 9 6
2018-11-12
0 1 1
2018-11-18
21 13 5
2018-12-22
0 3 1
2019-03-24
0 3 2
2019-03-25
0 27 14
2019-03-26
0 6 2
2019-03-28
0 5 0
2019-03-30
0 39 1
2019-04-01
0 5 0
2019-04-02
0 111 1
2019-04-03
0 265 2
2019-04-10
0 42 32
2019-04-11
71 40 29
2019-04-12
0 0 0
2019-04-13
0 148 94
2019-04-15
135 94 45
2019-04-16
0 48 23
2019-04-17
26 27 11
2019-04-18
0 3 2
2019-04-22
0 15 3
